 &INPUT
 CFL     =   40.0000000000000     ,
 MAXITER =        2000,
 IPITER  =         400,
 PHI     =   1.00000000000000     ,
 KAPPA   =  0.333333333333333     ,
 DELTA   =  0.000000000000000E+000
 /
 &FLOW
 RL      =   5.00000000000000     ,
 UL      =  0.000000000000000E+000,
 PL      =   147000.000000000     ,
 TL      =   3500.00000000000     ,
 RR      =   1.00000000000000     ,
 UR      =  0.000000000000000E+000,
 PR      =   98000.0000000000     ,
 TR      =  6.953272670285076E-310,
 AMOL    =   28.9600000000000     ,
 GAM     =   1.40000000000000     
 /
 &SPACE
 XMIN    =  0.000000000000000E+000,
 XMAX    =   3.00000000000000     ,
 XDIA    =  0.000000000000000E+000
 /
 &BOUNDARY
 IBTYPE_IN       =          12,
 IBTYPE_OUT      =          12
 /
