 &INPUT
 CFL     =  0.100000000000000     ,
 MAXITER =       10000,
 IPITER  =        1000,
 PHI     =   1.00000000000000     ,
 KAPPA   =  0.333333333333333     ,
 DELTA   =  0.250000000000000     ,
 IMP     =           1
 /
 &GAS
 RL      =   3.49303260809982     ,
 UL      =  0.000000000000000E+000,
 PL      =   5000000.00000000     ,
 TL      =   3500.00000000000     ,
 RR      =   16.3008188377991     ,
 UR      =  0.000000000000000E+000,
 PR      =   2000000.00000000     ,
 TR      =   300.000000000000     ,
 AMOL    =   20.3300000000000     ,
 GAM     =   1.21100000000000     
 /
 &PARTICLE
 RPL     =   1.39721304323993     ,
 UPL     =  0.000000000000000E+000,
 TPL     =   3500.00000000000     ,
 RPR     =   6.52032753511966     ,
 UPR     =  0.000000000000000E+000,
 TPR     =   3500.00000000000     ,
 DP      =  0.100000000000000     ,
 ALOADRATIO      =  0.400000000000000     
 /
 &SPACE
 XMIN    =  0.000000000000000E+000,
 XMAX    =   4.00000000000000     
 /
 &BOUNDARY
 IBTYPE_IN       =          12,
 IBTYPE_OUT      =          12
 /
