 &INPUT
 CFL     =  0.100000000000000     ,
 TEND    =  0.500000000000000     ,
 TOUTPUT =  0.100000000000000     ,
 PHI     =   1.00000000000000     ,
 KAPPA   =  0.333333333333333     
 /
 &FLOW
 RL      =   1.00000000000000     ,
 UL      =  -1.00000000000000     ,
 PL      =   1.00000000000000     ,
 RR      =   1.00000000000000     ,
 UR      =   1.00000000000000     ,
 PR      =   1.00000000000000     
 /
 &SPACE
 XMIN    =  -1.00000000000000     ,
 XMAX    =   1.00000000000000     ,
 XDIA    =  0.000000000000000E+000
 /
