 &INPUT
 CFL     =   1.00000000000000     ,
 MAXITER =       50000,
 IPITER  =           5,
 PHI     =   1.00000000000000     ,
 KAPPA   =  0.333333333333333     ,
 DELTA   =  0.250000000000000     ,
 ITYPE   =           0,
 ILOCAL  =           1
 /
 &GAS
 AMOL    =   20.3300000000000     ,
 GAM     =   1.21100000000000     ,
 AMYU    =  6.999999999999999E-005,
 RHO_AMB =  0.000000000000000E+000,
 T_AMB   =   300.000000000000     ,
 PRES_AMB        =   9800.00000000000     ,
 U_AMB   =  0.000000000000000E+000,
 V_AMB   =  0.000000000000000E+000,
 RHO_CHAMBER     =  0.000000000000000E+000,
 T_CHAMBER       =   3500.00000000000     ,
 PRES_CHAMBER    =   10000000.0000000     ,
 U_CHAMBER       =  0.000000000000000E+000,
 V_CHAMBER       =  0.000000000000000E+000
 /
 &PARTICLE
 SIGMAP  =   3204.00000000000     ,
 DP      =  5.000000000000000E-006,
 CC      =   1380.00000000000     ,
 ALOADRATIO      =  0.400000000000000     ,
 T_P_AMB =   300.000000000000     ,
 U_P_AMB =  0.000000000000000E+000,
 V_P_AMB =  0.000000000000000E+000,
 T_P_CHAMBER     =   3500.00000000000     ,
 U_P_CHAMBER     =  0.000000000000000E+000,
 V_P_CHAMBER     =  0.000000000000000E+000
 /
