 &INPUT
 CFL     =   1.02000000000000     ,
 MAXITER =       10000,
 IPITER  =        2000,
 PHI     =   1.00000000000000     ,
 KAPPA   =  0.333333333333333     ,
 DELTA   =  0.200000000000000     ,
 IEQ     =         614
 /
 &FLOW
 RL      =   5.00000000000000     ,
 UL      =  0.000000000000000E+000,
 PL      =   1470000.00000000     ,
 TL      =   3500.00000000000     ,
 RR      =   1.00000000000000     ,
 UR      =  0.000000000000000E+000,
 PR      =   98000.0000000000     ,
 TR      =  0.000000000000000E+000,
 AMOL    =   28.9600000000000     ,
 GAM     =   1.40000000000000     
 /
 &SPACE
 XMIN    =  0.000000000000000E+000,
 XMAX    =   3.00000000000000     ,
 XDIA    =  0.000000000000000E+000
 /
 &BOUNDARY
 IBTYPE_IN       =          11,
 IBTYPE_OUT      =          21
 /
