 &INPUT
 CFL     =  0.150000000000000     ,
 TEND    =  0.800000000000000     ,
 TOUTPUT =  8.000000000000000E-002,
 PHI     =   1.00000000000000     ,
 KAPPA   =  0.333333333333333     ,
 DELTA   =  0.250000000000000     ,
 IMP     =           1
 /
 &FLOW
 RL      =  6.792007823594088E-004,
 UL      =  0.000000000000000E+000,
 PL      =   1000.00000000000     ,
 RR      =  6.792007823594089E-005,
 UR      =  0.000000000000000E+000,
 PR      =   10.0000000000000     
 /
 &PARTICLE
 RPL     =  2.716803169921157E-004,
 UPL     =  0.000000000000000E+000,
 TPL     =   3600.00000000000     ,
 RPR     =  2.716803169921157E-005,
 UPR     =  0.000000000000000E+000,
 TPR     =   360.000000000000     
 /
 &SPACE
 XMIN    =  0.000000000000000E+000,
 XMAX    =   4000.00000000000     ,
 XDIA    =   2000.00000000000     
 /
