 &INPUT
 CFL     =  0.300000000000000     ,
 MAXITER =       30000,
 IPITER  =        6000,
 PHI     =   1.00000000000000     ,
 KAPPA   =  0.333333333333333     ,
 DELTA   =  0.250000000000000     
 /
 &FLOW
 RL      =   5.00000000000000     ,
 UL      =  0.000000000000000E+000,
 PL      =   4000000.00000000     ,
 TL      =   2800.00000000000     ,
 RR      =   1.00000000000000     ,
 UR      =  0.000000000000000E+000,
 PR      =   40000.0000000000     ,
 TR      =   2800.00000000000     ,
 AMOL    =   28.4620000000000     ,
 GAM     =   1.16422900000000     
 /
 &SPACE
 XMIN    =  0.000000000000000E+000,
 XMAX    =   4.00000000000000     ,
 XDIA    =  0.000000000000000E+000
 /
 &BOUNDARY
 IBTYPE_IN       =          11,
 IBTYPE_OUT      =          21
 /
