&input
cfl=0.3
maxiter=30000
ipiter=6000
phi=1.
kappa=0.333333333333333333333333333333333
delta=0.25
&end

&flow
tL=2800.
pL=4.e6
uL=0.
tR=2800.
pR=4.e4
uR=0.
amol=28.462
gam=1.164229
&end

&space
xmin=0.
xmax=4.
&end

&boundary
ibtype_in=11
ibtype_out=21
&end