 Condition
 CFL     =  0.100000000000000     
 MUSCL   =  0.000000000000000E+000
 ORDER   =  0.333333333333333     
 OUTPUT  =         300
